shellygen: 1
timezone: Europe/Berlin
lat: 50.110901
lng: 8.68213
